0 1 0 20 4 6
0 1 0 4 3 1
0 1 0 10 15 10
0 1 0 10 4 7
0 4 1 10 2 4
0 4 1 10 12 8
0 4 1 9 5 6
0 2 1 5 15 12
0 2 1 28 1 0
0 2 1 5 14 11
0 2 1 21 2 1
0 2 1 17 0 1
0 2 1 17 4 2
0 2 7 5 9 11
0 2 7 5 4 7
0 6 2 10 6 9
0 6 2 21 3 2
0 6 2 10 3 2
0 6 2 17 6 4
0 6 2 9 3 5
0 5 2 5 2 4
0 8 11 26 1 0
0 8 11 17 5 4
0 8 11 9 2 3
0 8 11 5 2 4
1 1 0 16 4 7
1 1 0 13 1 3
1 2 4 13 5 7
1 2 4 25 9 10
1 2 4 2 9 5
1 4 7 2 5 2
1 6 4 13 11 13
1 6 4 13 9 12
1 6 4 25 1 3
1 6 4 8 9 7
1 4 5 6 1 2
1 4 5 8 2 6
1 4 5 13 13 15
1 4 5 2 1 2
1 10 5 13 13 14
1 10 5 8 2 1
1 10 5 20 20 17
1 10 5 8 7 10
1 5 9 4 14 10
1 5 9 2 2 6
1 5 8 22 0 1
1 5 8 4 15 10
2 3 1 12 5 3
2 3 1 16 5 9
2 1 2 13 11 13
2 1 2 13 9 12
2 1 2 25 1 3
2 1 2 8 9 7
2 2 6 22 0 1
2 2 6 4 15 10
2 2 6 6 1 2
2 2 6 8 2 6
2 2 6 13 13 15
2 5 2 13 5 7
2 5 2 25 9 10
2 9 5 25 7 9
3 1 0 12 1 3
3 1 0 9 1 0
3 1 0 16 6 3
3 1 0 14 1 2
4 0 1 10 15 10
4 0 1 10 4 7
4 3 1 29 0 1
4 3 1 8 4 1
4 3 1 22 0 1
4 3 1 20 10 7
4 1 2 20 11 8
4 1 2 20 4 6
4 10 5 22 0 1
4 15 10 13 13 14
4 15 10 8 2 1
4 15 10 20 20 17
4 14 10 6 1 2
5 1 3 18 19 22
5 1 3 9 1 2
5 2 5 26 1 0
5 2 5 17 5 4
5 2 5 9 2 3
5 4 7 17 0 1
5 4 7 17 4 2
5 9 11 17 0 1
5 9 11 17 4 2
5 14 11 21 1 0
5 14 11 10 6 9
5 11 12 28 1 0
5 15 12 10 2 4
5 15 12 10 12 8
5 15 12 9 5 6
6 1 2 13 13 14
6 1 2 8 2 1
6 1 2 20 20 17
6 1 2 8 7 10
7 2 1 18 15 19
7 2 1 18 10 7
8 1 0 20 0 1
8 1 0 20 4 2
8 4 1 20 7 4
8 2 1 22 0 1
8 2 6 13 13 14
8 5 2 13 16 13
8 7 10 15 1 0
8 7 10 12 4 7
8 9 7 16 9 10
8 9 7 13 6 9
8 9 7 13 5 7
8 9 7 16 4 7
8 8 7 12 3 4
8 8 7 12 9 6
8 8 7 12 12 10
8 13 8 12 1 3
8 13 8 16 6 3
8 8 12 17 13 11
8 11 8 9 8 5
8 11 8 17 15 13
8 11 8 26 1 0
9 1 0 17 15 13
9 1 0 26 1 0
9 1 0 12 0 1
9 1 0 18 19 22
9 2 4 26 1 0
9 2 4 19 0 1
9 3 5 10 16 12
9 3 5 10 1 2
9 3 5 17 0 1
9 3 5 17 5 4
9 8 5 12 16 13
9 8 5 17 5 7
9 8 5 17 13 11
9 5 7 10 2 4
9 5 7 10 12 8
9 5 6 17 7 10
9 10 6 12 13 15
9 10 6 12 10 8
9 6 9 10 2 4
9 6 9 10 12 8
10 2 4 17 7 10
10 3 2 17 0 1
10 3 2 17 4 2
10 6 9 21 2 1
10 6 9 17 0 1
10 6 9 17 4 2
10 12 8 17 7 10
10 15 10 29 0 1
11 1 0 16 8 4
12 0 1 16 6 3
12 0 1 14 1 2
12 0 1 16 0 1
12 0 1 24 1 0
12 0 1 16 8 4
12 1 3 16 5 9
12 1 3 17 15 13
12 1 3 26 1 0
12 2 1 18 19 22
12 5 3 13 10 6
12 5 3 13 8 5
12 3 4 16 9 10
12 10 8 17 11 9
12 10 13 17 7 9
12 12 10 17 13 11
12 16 13 17 7 10
12 13 15 20 15 10
12 13 15 17 9 12
13 1 0 16 1 2
13 1 0 16 8 4
13 2 4 18 13 18
13 2 4 16 1 2
13 2 4 16 8 4
13 3 5 16 4 7
13 5 7 25 1 3
13 6 9 25 1 3
13 9 12 25 3 5
13 13 14 22 0 1
14 0 1 18 15 19
14 1 2 26 1 0
14 1 2 18 19 22
16 0 1 18 8 13
16 0 1 26 3 2
16 1 3 18 13 18
16 6 3 17 15 13
16 6 3 26 1 0
16 6 3 18 19 22
16 8 4 18 12 8
16 8 4 18 16 20
16 8 4 18 4 6
16 8 4 18 1 3
16 4 7 23 1 0
17 0 1 21 3 2
17 4 2 21 3 2
17 5 7 26 1 0
18 1 3 24 1 0
18 9 6 26 3 2
19 1 2 26 1 0
20 7 4 22 0 1
20 4 6 29 0 1
20 9 12 22 0 1
20 20 17 22 0 1
