30
0 12 11
  0 27.000000 22.000000
  1 27.000000 15.000000
  2 27.000000 5.000000
  3 30.000000 15.000000
  4 21.000000 15.000000
  5 27.000000 1.000000
  6 19.000000 5.000000
  7 30.000000 5.000000
  8 18.000000 1.000000
  9 30.000000 1.000000
  10 8.000000 1.000000
  11 18.000000 10.000000
  1 0
  4 1
  1 3
  2 1
  2 7
  6 2
  5 2
  5 9
  8 5
  8 11
  10 8
1 11 10
  0 5.000000 19.000000
  1 1.000000 19.000000
  2 1.000000 27.000000
  3 1.000000 12.000000
  4 9.000000 27.000000
  5 17.000000 27.000000
  6 9.000000 20.000000
  7 9.000000 30.000000
  8 28.000000 27.000000
  9 17.000000 30.000000
  10 17.000000 19.000000
  1 0
  3 1
  1 2
  2 4
  4 7
  6 4
  4 5
  10 5
  5 9
  5 8
2 16 15
  0 11.000000 20.000000
  1 10.000000 20.000000
  2 10.000000 28.000000
  3 10.000000 14.000000
  4 10.000000 30.000000
  5 5.000000 28.000000
  6 26.000000 28.000000
  7 1.000000 28.000000
  8 5.000000 30.000000
  9 5.000000 24.000000
  10 1.000000 30.000000
  11 8.000000 30.000000
  12 4.000000 30.000000
  13 8.000000 29.000000
  14 4.000000 29.000000
  15 2.000000 29.000000
  1 0
  3 1
  1 2
  2 6
  5 2
  2 4
  9 5
  5 8
  7 5
  7 10
  8 11
  10 12
  13 11
  14 12
  15 14
3 2 1
  0 12.000000 8.000000
  1 7.000000 8.000000
  1 0
4 17 16
  0 29.000000 16.000000
  1 29.000000 20.000000
  2 29.000000 24.000000
  3 18.000000 20.000000
  4 30.000000 20.000000
  5 29.000000 29.000000
  6 26.000000 24.000000
  7 30.000000 24.000000
  8 29.000000 30.000000
  9 30.000000 29.000000
  10 19.000000 29.000000
  11 21.000000 30.000000
  12 30.000000 25.000000
  13 30.000000 30.000000
  14 14.000000 29.000000
  15 19.000000 23.000000
  16 19.000000 30.000000
  0 1
  1 4
  3 1
  1 2
  2 7
  6 2
  2 5
  10 5
  5 9
  5 8
  11 8
  9 13
  12 9
  10 16
  15 10
  14 10
5 17 16
  0 10.000000 2.000000
  1 12.000000 2.000000
  2 17.000000 2.000000
  3 12.000000 7.000000
  4 28.000000 2.000000
  5 17.000000 11.000000
  6 30.000000 2.000000
  7 28.000000 8.000000
  8 30.000000 4.000000
  9 29.000000 4.000000
  10 29.000000 3.000000
  11 29.000000 10.000000
  12 29.000000 14.000000
  13 30.000000 10.000000
  14 25.000000 10.000000
  15 19.000000 14.000000
  16 30.000000 14.000000
  0 1
  1 3
  1 2
  2 5
  2 4
  4 7
  4 6
  6 8
  9 8
  9 11
  10 9
  14 11
  11 13
  11 12
  12 16
  15 12
6 4 3
  0 15.000000 19.000000
  1 16.000000 19.000000
  2 16.000000 30.000000
  3 16.000000 17.000000
  0 1
  3 1
  1 2
7 3 2
  0 9.000000 3.000000
  1 9.000000 2.000000
  2 1.000000 2.000000
  1 0
  2 1
8 14 13
  0 27.000000 25.000000
  1 22.000000 25.000000
  2 13.000000 25.000000
  3 22.000000 26.000000
  4 22.000000 17.000000
  5 11.000000 25.000000
  6 13.000000 30.000000
  7 13.000000 21.000000
  8 13.000000 13.000000
  9 2.000000 21.000000
  10 18.000000 21.000000
  11 13.000000 7.000000
  12 15.000000 13.000000
  13 8.000000 13.000000
  1 0
  4 1
  1 3
  2 1
  7 2
  2 6
  5 2
  7 10
  9 7
  8 7
  13 8
  8 12
  11 8
9 11 10
  0 10.000000 12.000000
  1 10.000000 3.000000
  2 14.000000 3.000000
  3 22.000000 3.000000
  4 14.000000 10.000000
  5 22.000000 12.000000
  6 22.000000 16.000000
  7 26.000000 12.000000
  8 12.000000 12.000000
  9 26.000000 16.000000
  10 14.000000 16.000000
  1 0
  1 2
  2 4
  2 3
  3 5
  8 5
  5 7
  5 6
  10 6
  6 9
10 17 16
  0 20.000000 10.000000
  1 20.000000 8.000000
  2 24.000000 8.000000
  3 24.000000 3.000000
  4 24.000000 17.000000
  5 23.000000 3.000000
  6 26.000000 3.000000
  7 30.000000 17.000000
  8 23.000000 17.000000
  9 26.000000 11.000000
  10 30.000000 19.000000
  11 30.000000 16.000000
  12 23.000000 9.000000
  13 23.000000 18.000000
  14 25.000000 11.000000
  15 23.000000 19.000000
  16 21.000000 9.000000
  1 0
  1 2
  2 4
  3 2
  3 6
  5 3
  8 4
  4 7
  6 9
  11 7
  7 10
  8 13
  12 8
  14 9
  15 10
  16 12
11 2 1
  0 5.000000 14.000000
  1 2.000000 14.000000
  1 0
12 17 16
  0 2.000000 7.000000
  1 11.000000 7.000000
  2 11.000000 4.000000
  3 11.000000 19.000000
  4 14.000000 19.000000
  5 6.000000 19.000000
  6 14.000000 17.000000
  7 14.000000 23.000000
  8 15.000000 17.000000
  9 12.000000 17.000000
  10 15.000000 14.000000
  11 15.000000 18.000000
  12 12.000000 14.000000
  13 18.000000 14.000000
  14 12.000000 16.000000
  15 18.000000 19.000000
  16 18.000000 11.000000
  0 1
  1 3
  2 1
  5 3
  3 4
  4 7
  6 4
  9 6
  6 8
  8 11
  10 8
  10 13
  12 10
  12 14
  16 13
  13 15
13 17 16
  0 7.000000 17.000000
  1 2.000000 17.000000
  2 2.000000 15.000000
  3 2.000000 20.000000
  4 8.000000 15.000000
  5 7.000000 20.000000
  6 8.000000 20.000000
  7 7.000000 29.000000
  8 7.000000 18.000000
  9 8.000000 23.000000
  10 8.000000 16.000000
  11 8.000000 26.000000
  12 12.000000 23.000000
  13 12.000000 26.000000
  14 21.000000 26.000000
  15 12.000000 30.000000
  16 12.000000 24.000000
  1 0
  1 3
  2 1
  2 4
  3 5
  8 5
  5 7
  5 6
  10 6
  6 9
  9 12
  9 11
  11 13
  16 13
  13 15
  13 14
14 3 2
  0 6.000000 3.000000
  1 8.000000 3.000000
  2 8.000000 10.000000
  0 1
  1 2
15 2 1
  0 15.000000 23.000000
  1 15.000000 20.000000
  1 0
16 11 10
  0 6.000000 4.000000
  1 6.000000 14.000000
  2 6.000000 18.000000
  3 9.000000 14.000000
  4 3.000000 18.000000
  5 9.000000 18.000000
  6 9.000000 4.000000
  7 3.000000 26.000000
  8 3.000000 4.000000
  9 12.000000 18.000000
  10 12.000000 22.000000
  0 1
  1 3
  1 2
  4 2
  6 3
  3 5
  8 4
  4 7
  5 9
  9 10
17 16 15
  0 20.000000 7.000000
  1 30.000000 7.000000
  2 30.000000 6.000000
  3 30.000000 9.000000
  4 23.000000 6.000000
  5 16.000000 6.000000
  6 23.000000 4.000000
  7 16.000000 13.000000
  8 16.000000 4.000000
  9 16.000000 15.000000
  10 25.000000 13.000000
  11 14.000000 15.000000
  12 20.000000 15.000000
  13 14.000000 11.000000
  14 15.000000 11.000000
  15 7.000000 11.000000
  0 1
  1 3
  2 1
  4 2
  6 4
  5 4
  8 5
  5 7
  7 10
  7 9
  9 12
  11 9
  13 11
  15 13
  13 14
18 23 22
  0 2.000000 10.000000
  1 2.000000 8.000000
  2 1.000000 8.000000
  3 5.000000 8.000000
  4 1.000000 11.000000
  5 1.000000 3.000000
  6 5.000000 11.000000
  7 5.000000 3.000000
  8 5.000000 13.000000
  9 5.000000 9.000000
  10 5.000000 1.000000
  11 5.000000 6.000000
  12 2.000000 13.000000
  13 7.000000 13.000000
  14 1.000000 1.000000
  15 7.000000 1.000000
  16 2.000000 12.000000
  17 7.000000 12.000000
  18 7.000000 16.000000
  19 7.000000 6.000000
  20 4.000000 12.000000
  21 8.000000 12.000000
  22 13.000000 6.000000
  1 0
  1 3
  2 1
  5 2
  2 4
  4 6
  5 7
  9 6
  6 8
  7 11
  10 7
  8 13
  12 8
  10 15
  14 10
  16 12
  13 18
  17 13
  15 19
  16 20
  17 21
  19 22
19 3 2
  0 13.000000 4.000000
  1 15.000000 4.000000
  2 15.000000 10.000000
  0 1
  1 2
20 21 20
  0 25.000000 22.000000
  1 25.000000 26.000000
  2 23.000000 26.000000
  3 28.000000 26.000000
  4 23.000000 21.000000
  5 28.000000 25.000000
  6 30.000000 21.000000
  7 19.000000 21.000000
  8 30.000000 23.000000
  9 19.000000 22.000000
  10 19.000000 17.000000
  11 26.000000 23.000000
  12 21.000000 22.000000
  13 18.000000 22.000000
  14 21.000000 17.000000
  15 17.000000 17.000000
  16 26.000000 22.000000
  17 21.000000 24.000000
  18 21.000000 19.000000
  19 17.000000 18.000000
  20 14.000000 24.000000
  0 1
  1 3
  2 1
  4 2
  5 3
  7 4
  4 6
  6 8
  10 7
  7 9
  11 8
  13 9
  9 12
  15 10
  10 14
  16 11
  12 17
  14 18
  15 19
  20 17
21 4 3
  0 28.000000 11.000000
  1 28.000000 9.000000
  2 25.000000 9.000000
  3 25.000000 4.000000
  1 0
  2 1
  3 2
22 2 1
  0 20.000000 19.000000
  1 20.000000 30.000000
  0 1
23 3 2
  0 4.000000 22.000000
  1 2.000000 22.000000
  2 2.000000 26.000000
  1 0
  1 2
24 2 1
  0 4.000000 9.000000
  1 4.000000 4.000000
  1 0
25 11 10
  0 6.000000 24.000000
  1 6.000000 22.000000
  2 5.000000 22.000000
  3 11.000000 22.000000
  4 5.000000 23.000000
  5 11.000000 24.000000
  6 4.000000 23.000000
  7 4.000000 25.000000
  8 4.000000 26.000000
  9 6.000000 25.000000
  10 6.000000 29.000000
  1 0
  1 3
  2 1
  2 4
  3 5
  6 4
  6 7
  7 9
  7 8
  9 10
26 4 3
  0 19.000000 9.000000
  1 7.000000 9.000000
  2 7.000000 10.000000
  3 4.000000 10.000000
  1 0
  1 2
  3 2
27 2 1
  0 2.000000 4.000000
  1 2.000000 6.000000
  0 1
28 2 1
  0 30.000000 13.000000
  1 26.000000 13.000000
  1 0
29 2 1
  0 28.000000 18.000000
  1 28.000000 22.000000
  0 1
